image: my_map1.pgm
resolution: 0.050000
origin: [-4.752919, -23.906264, 0.000000]
negate: 0
occupied_thresh: 0.65
free_thresh: 0.196

