image: my_map3.pgm
resolution: 0.050000
origin: [-4.751814, -23.906573, 0.000000]
negate: 0
occupied_thresh: 0.65
free_thresh: 0.196

